name: D:\Projects\Walrus\env
channels:
  - conda-forge
  - defaults
dependencies:
  - alembic=1.15.2=py312haa95532_0
  - apscheduler=3.10.4=py312haa95532_0
  - beautifulsoup4=4.12.3=py312haa95532_0
  - blas=1.0=mkl
  - blinker=1.9.0=py312haa95532_0
  - bottleneck=1.4.2=py312h4b0e54e_0
  - brotli-python=1.0.9=py312h5da7b33_9
  - bzip2=1.0.8=h2bbff1b_6
  - ca-certificates=2025.6.15=h4c7d964_0
  - certifi=2025.6.15=pyhd8ed1ab_0
  - charset-normalizer=3.3.2=pyhd3eb1b0_0
  - click=8.1.8=py312haa95532_0
  - colorama=0.4.6=py312haa95532_0
  - expat=2.7.1=h8ddb27b_0
  - flask=3.1.0=py312haa95532_0
  - greenlet=3.1.1=py312h5da7b33_0
  - idna=3.7=py312haa95532_0
  - intel-openmp=2023.1.0=h59b6b97_46320
  - itsdangerous=2.2.0=py312haa95532_0
  - jinja2=3.1.6=py312haa95532_0
  - libffi=3.4.4=hd77b12b_1
  - mako=1.2.3=py312haa95532_0
  - markupsafe=3.0.2=py312h827c3e9_0
  - mkl=2023.1.0=h6b88ed4_46358
  - mkl-service=2.4.0=py312h827c3e9_2
  - mkl_fft=1.3.11=py312h827c3e9_0
  - mkl_random=1.2.8=py312h0158946_0
  - numexpr=2.10.1=py312h4cd664f_0
  - numpy=2.0.1=py312hfd52020_1
  - numpy-base=2.0.1=py312h4dde369_1
  - openssl=3.1.0=hcfcfb64_3
  - pandas=2.2.3=py312h5da7b33_0
  - pysocks=1.7.1=py312haa95532_0
  - python=3.12.11=h716150d_0
  - python-dateutil=2.9.0post0=py312haa95532_2
  - python-dotenv=1.1.0=py312haa95532_0
  - python-tzdata=2025.2=pyhd3eb1b0_0
  - pytz=2024.1=py312haa95532_0
  - requests=2.32.3=py312haa95532_1
  - setuptools=78.1.1=py312haa95532_0
  - six=1.17.0=py312haa95532_0
  - soupsieve=2.5=py312haa95532_0
  - sqlalchemy=2.0.39=py312h54f65d0_0
  - sqlite=3.45.3=h2bbff1b_0
  - tbb=2021.8.0=h59b6b97_0
  - tk=8.6.14=h5e9d12e_1
  - typing-extensions=4.12.2=py312haa95532_0
  - typing_extensions=4.12.2=py312haa95532_0
  - tzdata=2025b=h04d1e81_0
  - tzlocal=5.2=py312haa95532_0
  - ucrt=10.0.22621.0=h57928b3_1
  - urllib3=2.3.0=py312haa95532_0
  - vc=14.42=haa95532_5
  - vs2015_runtime=14.42.34433=hbfb602d_5
  - werkzeug=3.1.3=py312haa95532_0
  - wheel=0.45.1=py312haa95532_0
  - whitenoise=6.7.0=pyhd8ed1ab_0
  - win_inet_pton=1.1.0=py312haa95532_0
  - xz=5.6.4=h4754444_1
  - zlib=1.2.13=h8cc25b3_1
  - pip:
      - packaging==25.0
      - pip==25.1.1
prefix: D:\Projects\Walrus\env
